cam_ids:
- 19423282
cam_aliases:
- cam0
master_cam: 19423282
skip: 20
delay: 1.0

#Camera info message details
distortion_model: plumb_bob
image_height: 1080
image_width: 1440
distortion_coeffs:
- [-0.23896587967448205, 0.042585724870922305, 0.00042125157060019614, -0.0009196931859749118, 0.0]


#specified as [fx  0 cx 0 fy cy 0  0  1]
intrinsic_coeffs:
- [649.4255405591126, 0.0, 721.2180709366453, 0.0, 646.8925978362109, 538.043575555133, 0.0, 0.0, 1.0]

rectification_coeffs:
- [1.0, 0.0, 0.0, 0.0, 1.0, 0.0, 0.0, 0.0, 1.0]

projection_coeffs:
- [454.8259582519531, 0.0, 718.0032445678844, 0.0, 0.0, 508.1412353515625, 538.2221307493164, 0.0, 0.0, 0.0, 1.0, 0.0]