cam_ids:
- 19423282
cam_aliases:
- cam0
master_cam: 19423282
skip: 20
delay: 1.0

#Camera info message details
distortion_model: plumb_bob
image_height: 1080
image_width: 1440
distortion_coeffs:
- [-0.21338195826140682, 0.03258095763463949, -0.00018955724409316463, -0.00040928582228521367, 0.0]


#specified as [fx  0 cx 0 fy cy 0  0  1]
intrinsic_coeffs:
- [648.0113147742057, 0.0, 703.9625700394782, 0.0, 648.1713061967582, 533.5561962879885, 0.0, 0.0, 1.0]

rectification_coeffs:
- [1.0, 0.0, 0.0, 0.0, 1.0, 0.0, 0.0, 0.0, 1.0]

projection_coeffs:
- [445.3047180175781, 0.0, 707.8064656754395, 0.0, 0.0, 526.1232299804688, 529.175376518222, 0.0, 0.0, 0.0, 1.0, 0.0]