image_width: 1280
image_height: 720
camera_name: narrow_stereo
camera_matrix:
  rows: 3
  cols: 3
  data: [497.410955, 0.000000, 553.692424, 0.000000, 489.781176, 342.073458, 0.000000, 0.000000, 1.000000]
distortion_model: plumb_bob
distortion_coefficients:
  rows: 1
  cols: 5
  data: [0.034369, -0.017518, -0.008773, -0.014367, 0.000000]
rectification_matrix:
  rows: 3
  cols: 3
  data: [1.000000, 0.000000, 0.000000, 0.000000, 1.000000, 0.000000, 0.000000, 0.000000, 1.000000]
projection_matrix:
  rows: 3
  cols: 4
  data: [482.043915, 0.000000, 499.550989, 0.000000, 0.000000, 509.381348, 331.382047, 0.000000, 0.000000, 0.000000, 1.000000, 0.000000]


#('D = ', [0.03436879696572528, -0.01751802311097455, -0.008773338187411526, -0.014367033774136959, 0.0])
#('K = ', [497.4109552861306, 0.0, 553.6924237962912, 0.0, 489.7811758634896, 342.07345767311386, 0.0, 0.0, 1.0])
#('R = ', [1.0, 0.0, 0.0, 0.0, 1.0, 0.0, 0.0, 0.0, 1.0])
#('P = ', [482.0439147949219, 0.0, 499.5509888083143, 0.0, 0.0, 509.38134765625, 331.38204741844675, 0.0, 0.0, 0.0, 1.0, 0.0])
#
#width
#1280
#
#height
#720