image: full_map.pgm
resolution: 0.040000
origin: [0.000000, -3.821982, 0]
occupied_thresh: 0.65
free_thresh: 0.196
negate: 0