image: genius-10-27-19.pgm
resolution: 0.040000
origin: [0.000000, -3.858189, 0]
occupied_thresh: 0.65
free_thresh: 0.196
negate: 0