image: map.pgm
resolution: 0.040000
origin: [0.000000, -2.405010, 0]
occupied_thresh: 0.65
free_thresh: 0.196
negate: 0